%% s3859061
values2=[-3;-2;-8.5;0;-0.5;-3.5;3;-2.5;-5;-3;0;-8.5;-1;-6;-6;-2;2.5;-3;4;-2.5];